function getPoints(){
var lat =[
28.53632,
28.61268,
28.52989,
28.64361,
28.70257,
28.65335,
28.66645,
28.53067,
28.6091,
28.56234,
28.52299,
28.7072,
28.72582,
28.66004,
28.59139,
28.71793,
28.57051,
28.70236,
28.67441,,
28.60369,
28.73664,
28.65284,
28.70984,
28.60337,
28.62038,
28.67965,
28.46549,
28.64981,
28.63969,
28.73358,
28.64295,
28.63089,
28.56934,
28.70024,
28.66879,
28.53321,
28.54728,
28.64784,
28.58744,
28.63077,
28.52678,
28.72516,
28.59572,
28.62657,
28.70965,
28.71003,
28.55914,
28.79903,
28.72579,
28.53492,
28.74286,
28.79654,
28.72449,
28.63356,
28.49893,
28.63505,
28.71681,
28.68423,
28.69784,
28.66539,
28.63,
28.59238,
28.6419,
28.69664,
28.66676,
28.65557,
28.70265,
28.6554,
28.68851,
28.69245,
28.63896,
28.58809,
28.66013,
28.60935,
28.64583,
28.65399,
28.57449,
28.60975,
28.52958,
28.61363,
28.49385,
28.68901,
28.66917,
28.69251,
28.63857,
28.59827,
28.56843,
28.66699,
28.60415,
28.65597,
28.75841,
28.5541,
28.62997,
28.62499,
28.56468,,
28.56207,
28.66254,
28.50165,
28.54046,
28.68199,
28.55848,
28.64335,
28.57837,
28.67112,
28.62046,
28.61821,
28.65151,
28.50957,
28.60733,
28.74766,
28.65955,
28.56411,
28.64751,
28.65375,
28.52882,
28.63775,
28.63852,
28.64053,
28.54939,,
28.80659,
28.73043,
28.6274,
28.5759,
28.59872,
28.65258,
28.65761,
28.64359,
28.65237,
28.55797,
28.65256,
28.57835,
28.85321,
28.59818,
28.62473,
28.665,
28.62543,
28.68062,
28.62543,
28.62867,
28.58691,
28.52149,
28.70045,
28.62863,
28.66837,
28.67005,
28.68499,
28.53486,
28.70894,
28.62486,
28.67811,
28.6743,
28.68277,
28.6742,
28.71113,
28.69612,
28.70603,
28.67042,
28.70128,
28.67909,
28.67341,
28.69853,
28.68496,
28.67202,
28.71128,
28.73284,
28.70225,

]
var long =[
77.2492,
77.086,
77.20418,
77.23608,
77.19369,
77.29373,
77.22618,
77.26532,
77.06618,
77.2676,
77.30617,
77.2242,
77.00361,
77.17376,
77.08644,
77.12757,
77.179,
77.1159,
77.13276,
77.01564,
77.19735,
77.23362,
77.17532,
77.19606,
77.30265,
77.08879,
77.15114,
77.21754,
77.11992,
77.17487,
77.22621,
77.22498,
77.20489,
77.20856,
77.29224,
77.25743,
77.25644,
77.18053,
77.24047,
77.14501,
77.27462,
77.14219,
76.91555,
77.12084,
77.06081,
77.10186,
77.24093,
77.13913,
77.16418,
77.15236,
77.16574,
77.04254,
77.05179,
77.13777,
77.21428,
77.18285,
77.15712,
77.15977,
77.11933,
77.20846,
77.21432,
77.24417,
77.24062,
77.09163,
77.30662,
77.21885,
77.07856,
77.27642,
77.2215,
77.17432,
77.10143,
77.08293,
77.14659,
77.09946,
77.20931,
77.21115,
77.19913,
76.98269,
77.0872,
77.31708,
77.30357,
77.14412,
77.20774,
77.20652,
77.20325,
77.21117,
77.24052,
77.28072,
77.23372,
77.31306,
77.1562,
77.23278,
77.06834,
77.06488,
77.23337,
77.29235,
77.2315,
77.29099,
77.28196,
77.06698,
77.19855,
77.22548,
77.06666,
77.10115,
77.06744,
77.23537,
77.1196,
77.24299,
77.30367,
77.07894,
77.26733,
77.05849,
77.15868,
77.03599,
77.22715,
77.2703,
77.29526,
77.13509,
77.20847,
77.0228,
77.121,
77.24722,
77.22514,
77.12437,
77.19326,
77.11332,
77.2839,
77.15822,
77.16933,
77.1932,
77.26018,
77.08849,
77.31178,
77.21366,
77.0717,
77.30612,
77.17851,
77.30612,
76.96681,
76.99466,
77.18019,
77.14605,
77.08188,
77.18368,
77.19262,
77.20265,
77.15232,
77.11815,
77.33267,
77.31653,
77.26855,
77.29856,
77.28518,
77.2561,
77.2917,
77.31849,
76.96085,
77.2644,
77.27297,
77.27479,
77.30817,
77.316,
77.26207,
77.25611,
77.2745,
77.28085,

]

 